id,value
all,
all.PPN685540022,
all.PPN685540022.PPN685540022,
